160
400
240
210
220
210
270
250
290
210
220
370
380
270
210
240
320
230
210
160
270
240
460
340
310
200
250
230
270
260
240
280
340
320
320
350
430
290
190
340
190
160
170
220
280
310
180
260
220
270
200
300
230
280
270
210
220
320
370
290
280
260
260
240
160
190
290
270
220
340
250
230
430
150
190
160
250
210
310
250
330
180
200
220
250
230
270
240
350
290
160
320
240
290
250
180
310
160
310
250
530
230
190
350
300
230
170
330
360
300
140
240
230
380
300
260
310
210
300
300
280
220
290
290
220
190
310
290
150
300
290
190
210
200
400
180
330
340
270
320
200
210
300
230
250
210
250
270
250
280
220
180
180
350
250
350
220
320
250
290
190
300
390
230
270
230
290
280
290
280
330
180
390
300
220
260
190
370
270
270
300
220
210
370
320
250
270
240
190
270
200
260
360
330
150
250
150
170
200
240
430
340
240
410
270
260
310
250
340
190
280
230
250
260
270
230
240
310
140
320
290
400
280
430
320
210
310
200
410
260
250
170
140
290
250
240
310
180
320
240
330
170
240
230
370
360
290
240
140
280
230
260
270
270
310
330
280
230
220
320
250
230
210
250
200
300
260
240
300
320
170
140
320
410
200
260
220
220
360
210
230
340
180
190
290
330
330
370
380
310
250
210
320
260
190
320
230
240
200
220
180
210
290
270
230
400
300
270
200
270
340
140
250
230
160
410
310
280
170
400
340
260
220
260
280
330
260
430
280
270
230
290
370
240
280
240
280
210
480
190
270
190
280
170
230
240
180
310
280
500
190
360
270
190
190
260
240
290
210
260
230
320
370
200
330
180
260
240
320
260
300
210
200
270
320
280
340
270
200
250
270
210
210
210
280
190
140
260
350
160
130
230
250
250
200
190
150
180
300
260
330
210
230
370
230
290
240
320
180
330
330
160
240
310
300
230
350
300
340
260
180
250
210
160
290
200
240
350
170
320
230
230
280
280
380
530
230
150
220
320
170
310
310
180
150
200
330
440
260
110
280
290
250
290
340
310
190
340
190
420
230
240
210
140
220
380
370
330
290
400
150
240
180
210
250
300
180
170
200
370
200
220
170
260
330
300
260
240
270
300
220
340
360
170
320
350
260
270
210
360
290
240
200
260
160
310
210
190
170
250
180
240
240
260
210
440
210
160
310
280
300
480
410
200
310
120
200
380
300
140
220
420
330
270
220
470
300
230
360
170
220
170
230
370
260
190
280
220
190
320
250
420
360
180
270
190
310
310
320
180
370
260
270
230
200
310
390
320
340
290
200
240
300
180
180
210
200
290
420
300
230
280
270
380
280
230
280
240
390
180
250
240
200
280
360
230
400
250
300
270
300
260
240
140
210
260
170
250
250
540
260
380
210
340
450
190
200
240
270
200
290
180
200
360
330
260
170
330
200
310
160
430
240
220
340
440
260
140
330
300
210
220
450
210
190
310
270
290
290
230
360
200
350
350
510
220
190
230
280
240
540
130
430
170
240
330
150
260
250
230
280
420
410
390
220
220
180
270
240
260
430
270
320
200
230
320
280
220
300
220
280
280
300
270
420
240
290
350
190
220
310
320
290
270
160
230
300
250
200
320
230
230
250
270
190
320
240
380
310
330
240
400
200
310
250
270
270
350
230
160
360
180
230
340
200
320
170
270
240
230
200
280
220
150
180
300
220
190
240
230
140
160
260
230
270
210
210
240
220
160
240
360
220
190
180
250
270
240
260
220
280
170
240
220
200
140
250
240
310
280
300
250
200
260
310
270
240
210
270
260
290
190
220
200
240
170
370
360
200
390
330
400
270
240
180
230
310
210
150
250
190
210
260
400
200
230
200
240
150
180
290
200
310
350
240
240
310
120
230
190
320
210
220
290
170
370
280
240
460
370
190
290
330
290
330
530
220
180
360
240
170
380
200
220
260
400
340
210
310
390
220
240
210
250
220
360
280
180
200
230
410
170
280
270
290
200
250
210
260
250
150
270
250
250
210
390
290
200
260
150
300
140
350
300
320
180
360
390
200
280
230
310
300
200
360
420
450
160
200
190
240
240
260
410
210
210
250
290
300
240
240
270
200
230
210
400
370
180
220
220
270
240
390
200
200
240
270
300
380
180
300
260
170
140
330
220
260
250
380
330
300
280
180
310
190
310
520
160
270
210
340
190
200
290
320
160
280
270
310
300
420
390
340
150
290
160
210
310
170
150
330
260
190
260
270
250
340
200
240
360
240
310
320
300
210
280
180
300
420
330
264.52
