2910
2920
2780
2460
2690
3200
2680
2340
2180
2440
2290
2710
2240
2720
2620
2860
2630
2890
2840
2780
2900
2430
2770
2710
2610
2510
2800
2330
2910
2710
2690
2370
2740
2290
2580
2680
3060
3160
2670
2750
2470
3150
2780
2620
2730
2280
2910
2530
2390
2740
2530
2690
2660
2750
2440
2710
2960
2520
2750
2570
2840
2830
2830
2560
2720
2620
2700
2820
2980
2820
2920
3010
3140
2620
2440
2370
2420
2420
2990
2920
2830
2460
2840
2690
2640
2380
2580
2850
2790
2340
2930
2710
2670
2800
2930
2380
2540
2850
3190
2790
2691.9
