150
360
190
230
400
340
310
290
150
230
240
340
240
290
260
240
360
150
230
240
290
310
150
280
200
300
290
170
300
230
180
180
300
240
210
210
270
180
270
170
290
290
320
140
270
270
280
170
410
280
220
280
290
350
150
240
240
270
200
330
240
250
240
170
330
180
230
280
200
340
240
210
400
170
270
270
220
230
280
260
180
180
300
300
250
200
220
260
260
200
270
330
190
160
200
120
300
210
270
340
210
260
370
190
210
210
180
230
180
170
250
220
330
370
240
210
180
260
310
230
240
140
260
350
310
370
250
320
260
260
250
300
150
210
220
280
220
230
230
280
230
300
170
250
240
200
310
280
210
210
410
240
400
370
240
290
190
210
190
170
320
290
230
230
320
310
260
480
260
390
190
250
270
310
220
190
270
250
410
210
240
230
270
180
180
380
270
330
200
170
390
160
220
330
500
200
320
350
240
190
400
240
130
290
300
370
210
240
240
230
210
210
180
280
250
310
220
470
180
240
210
240
270
290
400
200
280
290
350
420
160
300
240
220
180
240
240
270
310
200
350
290
210
250
180
290
230
260
260
210
270
180
380
230
300
300
310
180
180
180
160
160
270
240
260
400
170
240
210
370
300
250
200
230
330
390
320
370
320
240
190
150
350
240
190
230
170
330
230
200
250
220
300
220
410
350
270
230
260
200
320
300
190
240
170
230
200
270
250
190
180
250
190
250
300
290
280
370
230
230
240
140
240
260
240
340
280
270
260
260
350
300
200
220
270
200
280
410
120
280
190
320
240
270
220
210
370
200
140
250
180
180
410
230
240
240
330
270
410
140
260
310
130
350
290
220
410
210
270
170
350
290
170
240
300
390
140
230
290
260
190
230
190
290
270
150
140
220
330
170
230
190
240
300
280
360
300
230
430
180
310
130
210
300
240
280
190
230
200
300
190
290
180
290
370
280
250
180
350
360
280
330
210
220
240
280
250
270
240
200
280
210
270
170
360
210
240
260
480
150
190
370
280
330
210
330
240
270
260
270
330
160
250
170
270
250
180
190
240
170
250
210
250
220
150
220
400
190
280
240
310
250
260
190
260
310
200
190
390
260
270
200
330
240
230
200
280
310
250
380
150
240
140
310
230
170
130
230
310
250
310
200
210
210
280
190
180
300
130
300
170
350
310
180
220
260
210
360
160
270
320
280
310
360
180
240
390
370
210
290
190
320
340
260
280
230
210
240
320
190
180
250
300
250
220
270
240
260
210
270
350
300
260
250
200
230
260
190
230
280
210
190
190
260
270
270
300
430
260
160
270
160
280
260
210
280
210
280
310
240
230
460
260
150
190
210
170
170
420
340
380
320
210
110
300
220
280
170
440
270
270
260
230
190
200
420
480
200
280
270
190
210
250
270
330
240
290
170
200
430
300
190
240
290
220
250
280
230
170
240
240
210
200
130
210
330
370
290
310
340
310
300
280
260
270
250
170
390
250
190
280
200
180
180
270
180
190
360
300
240
180
320
190
280
440
200
490
220
170
310
250
190
200
240
310
180
210
290
200
170
320
330
330
170
270
190
350
210
330
300
180
200
200
270
230
210
210
210
150
470
220
230
310
360
260
390
350
180
200
260
210
300
220
490
260
250
270
230
360
170
330
220
280
230
360
300
220
290
340
220
150
260
220
340
130
130
170
200
380
360
210
230
280
360
290
200
170
230
320
240
350
210
260
210
180
330
260
230
360
260
170
260
440
370
100
320
260
360
290
210
410
280
450
220
410
240
140
280
220
250
380
220
130
300
210
340
340
180
230
160
280
200
240
220
340
460
280
220
270
270
290
200
210
160
340
250
220
160
260
270
170
130
170
190
220
390
370
210
300
330
270
290
380
250
320
300
280
230
260
240
310
500
210
240
310
310
200
160
290
200
230
240
260
300
300
140
220
320
180
210
270
290
250
330
280
260
190
190
180
150
250
270
300
230
160
240
290
270
280
180
200
220
230
230
180
290
180
170
330
340
200
310
230
380
270
220
210
330
360
230
260
290
180
200
280
330
310
210
350
150
180
390
220
310
490
290
310
320
290
170
210
230
260
270
180
240
220
370
150
180
240
170
340
270
250
160
230
260
180
400
360
370
260
330
290
190
360
230
220
260
260
240
220
250
310
260
240
190
510
160
200
270
260
270
270
230
180
330
150
130
330
220
250
190
410
230
160
180
360
260
180
160
260
310
190
350
230
150
270
240
330
260
180
200
190
260
400
270
160
180
220
290
260
350
240
360
250
280
220
270
256.58
