190
250
340
280
230
270
400
170
230
140
350
380
200
210
330
200
240
130
270
230
240
260
200
290
180
190
200
210
240
220
280
300
380
250
310
200
310
370
240
160
170
170
190
340
300
180
290
240
320
180
220
200
140
210
230
410
270
300
250
290
290
240
300
370
220
330
300
260
350
330
310
150
200
270
210
220
390
300
180
240
190
240
370
350
300
200
220
230
210
240
210
250
210
280
260
310
350
370
220
240
280
380
250
300
240
310
200
180
230
230
170
150
310
290
230
330
220
230
360
300
240
450
350
260
280
320
190
180
270
250
170
220
310
120
300
120
270
270
210
220
280
300
280
350
260
400
220
130
270
250
240
240
220
310
190
400
290
260
280
250
250
240
210
290
170
230
440
280
290
170
290
320
130
240
230
250
330
240
370
240
220
410
190
260
260
300
490
190
200
300
310
440
190
210
280
310
170
260
240
230
200
250
260
150
240
570
220
150
270
180
340
320
280
220
190
260
340
380
180
310
250
230
150
160
320
420
330
350
230
200
190
240
240
240
250
350
310
200
240
280
140
310
250
290
350
420
180
200
390
240
290
330
240
280
260
420
270
340
310
280
210
280
320
360
280
420
290
250
380
290
200
310
230
190
230
240
390
280
210
370
380
240
360
180
150
460
530
200
330
160
290
220
240
180
200
280
160
320
410
270
170
130
180
240
140
280
300
380
240
460
290
200
320
280
230
260
250
390
300
360
320
240
240
310
270
180
310
220
280
200
200
240
280
250
200
140
220
300
190
280
370
200
310
310
290
200
310
240
260
320
290
200
290
290
270
290
410
240
220
280
140
300
210
390
230
170
230
250
200
180
240
250
370
250
300
270
390
190
220
290
350
180
330
270
400
170
250
260
270
260
270
270
260
370
240
350
230
300
170
460
360
260
210
270
390
230
220
270
240
150
320
210
250
300
450
180
390
270
280
180
280
260
320
230
170
370
240
240
300
200
190
280
520
250
490
370
390
290
340
160
230
270
190
160
170
190
300
280
170
210
320
230
200
220
230
240
250
400
210
380
350
230
390
260
160
260
380
490
200
280
300
240
280
210
230
340
160
280
230
270
330
180
330
250
400
350
380
300
330
310
220
300
480
190
130
240
250
180
290
210
266.96
