550
450
370
630
630
550
350
630
460
840
960
460
530
690
500
1070
390
640
310
290
530
290
600
420
340
560
340
690
880
380
400
360
720
720
470
620
390
400
440
760
440
600
900
770
650
710
540
430
440
390
260
640
280
450
580
510
740
490
310
550
980
390
770
840
480
630
630
220
330
550
490
890
560
580
380
570
550
330
340
680
450
680
860
360
400
740
650
1090
920
390
650
480
1160
460
670
1080
490
860
950
430
720
520
370
550
380
860
360
390
460
590
790
530
470
740
320
470
810
370
700
450
570
440
680
500
360
370
860
640
540
730
790
320
320
630
420
570
820
690
400
460
840
680
710
820
800
720
580
520
710
460
650
680
830
820
550
440
370
520
1040
570
650
850
480
740
420
430
620
820
710
940
460
270
430
320
420
300
480
300
510
530
340
400
860
390
820
580
730
610
550
550
840
620
670
310
1170
980
990
430
580
450
600
290
460
930
480
420
690
440
730
590
630
970
670
230
540
640
200
470
630
610
280
430
570
770
610
400
640
560
320
430
570
300
700
680
460
460
750
700
820
910
460
790
680
280
400
280
430
330
330
240
670
540
600
430
600
200
670
390
730
480
920
540
650
490
480
370
430
900
660
410
410
500
540
370
710
360
780
430
410
300
630
420
580
460
440
600
740
670
580
290
440
700
550
1090
530
300
760
490
450
720
730
450
540
720
260
380
730
420
780
660
470
560
300
390
610
680
960
950
480
1010
730
360
820
360
440
410
660
880
410
760
600
590
720
480
690
410
670
420
660
790
930
400
690
390
570
500
460
550
490
330
510
740
330
320
510
650
240
480
350
850
240
750
340
540
590
850
580
330
660
320
580
550
550
400
350
560
540
570
450
640
730
380
530
870
810
920
650
200
460
380
570
510
600
540
820
330
590
500
580
730
490
290
610
350
430
660
620
640
200
730
450
560
570
630
660
400
230
610
370
480
480
540
750
610
760
500
560
710
390
670
390
450
550
590
1190
620
450
450
380
720
280
370
410
790
600
710
900
1110
800
480
980
990
910
750
550
290
410
470
500
870
1190
910
910
470
430
260
550
450
430
1080
490
580
410
470
640
610
610
310
420
350
630
470
350
360
650
530
450
710
480
660
830
450
410
670
750
530
320
700
690
770
380
790
470
860
280
1060
730
680
660
300
880
640
440
280
620
510
270
320
500
480
760
410
390
740
560
1020
530
610
790
600
580
470
540
730
240
450
420
520
900
510
530
710
610
290
720
620
390
900
610
620
650
500
560
670
360
440
190
730
980
460
330
510
590
1060
510
480
510
790
680
450
610
260
330
520
740
440
430
500
830
520
780
280
1030
340
940
310
690
670
560
760
1070
850
410
1040
870
530
840
750
540
380
470
980
900
490
750
490
420
1040
670
870
490
520
550
670
300
1100
330
470
400
540
540
530
550
380
580
1010
430
890
550
460
540
590
350
690
690
420
470
410
520
560
480
530
800
290
630
490
430
530
320
870
610
600
570
1030
860
560
480
320
820
330
420
730
860
610
200
420
800
750
430
360
540
410
370
410
530
740
370
660
800
440
600
460
770
1170
690
350
270
720
780
590
410
690
720
690
760
370
280
590
510
960
670
980
940
440
490
590
570
340
520
730
830
290
340
470
500
320
480
780
530
470
800
310
400
340
730
720
620
430
910
850
810
500
470
700
250
730
320
590
750
620
350
730
450
610
440
570
790
450
670
510
580
540
310
480
450
540
640
820
640
720
340
520
450
410
540
850
630
780
650
720
460
540
320
610
350
580
320
410
560
480
820
430
340
680
220
650
610
630
570
1000
520
560
910
640
800
1190
570
440
470
840
410
440
590
790
370
1110
500
620
620
360
410
450
610
480
700
720
380
700
750
600
530
400
590
600
830
540
470
260
780
450
920
650
350
550
430
620
560
700
970
490
850
510
420
650
700
320
780
560
600
670
620
460
850
670
600
320
560
350
640
780
700
540
540
430
590
300
720
660
290
300
480
360
210
570
380
290
620
900
460
700
380
390
450
1010
450
510
620
560
580
340
480
580
370
440
450
410
910
530
630
390
750
490
450
540
670
340
690
690
430
770
550
420
400
690
1200
460
530
290
610
540
520
310
500
580
450
410
500
860
850
760
710
1040
540
960
460
800
680
550
520
540
480
840
610
640
520
440
450
780
340
760
590
790
580
650
480
600
520
550
520
590
770
280
510
690
640
430
770
610
360
620
520
620
680
490
350
610
950
870
740
910
370
740
680
480
460
790
750
580
900
770
460
640
590
520
730
640
470
370
470
480
575.72

