1160
1390
1470
1280
1010
1230
1220
1350
1290
1600
1250
1260
1340
1260
1400
1320
1460
1710
1380
1220
1380
1410
1440
1690
1530
1450
1430
1390
1460
1330
1330
1060
1240
1140
1280
1250
1320
1200
1210
1250
1270
1520
1230
1320
1660
1260
1250
1600
1290
1320
1080
1530
1430
1360
1400
1230
1220
1180
1230
1440
1320
1210
1280
1260
1310
1130
1500
1330
1140
1230
1340
1380
1140
1040
1370
1010
1230
1200
1390
1240
1370
1260
1350
1610
1270
1310
1260
1390
1330
1400
1090
1130
1310
1010
1150
1200
1220
1210
1270
1260
1390
1360
1220
1370
1420
1150
1220
1560
1310
1550
1060
1480
1470
1100
1410
1430
1430
1400
1290
1150
1440
1480
1280
1450
1440
1280
1240
1320
1280
1430
1420
1260
1260
1690
1220
1670
1200
1250
1330
1230
1140
1100
1320
1290
1440
1600
1130
1450
1630
1610
1510
1250
1380
1370
1500
1360
1270
1330
1440
1090
1530
1100
1410
1510
1540
1480
1330
1180
1400
1130
1230
1300
1430
1400
1400
1360
1450
1320
1290
1030
1480
1330
1220
1280
1340
1590
1420
1260
1410
1310
1240
1180
1320
1580
1290
1230
1220
1300
1080
1120
1360
1360
1290
1400
1680
1140
1240
1390
1420
1110
1360
1190
1530
1520
1420
1210
1410
1460
1230
1390
1230
1460
1480
1150
1260
1510
1140
1110
1150
1260
1680
1450
1550
1440
1230
1400
1480
1470
1170
1550
1180
1510
1260
1260
1390
1330
1360
1120
1360
1430
1150
1550
1450
1440
1070
1460
1260
1420
1420
1220
1610
1480
1350
1560
960
1200
1040
1460
1280
1550
1330
1800
1210
1120
1430
1060
1490
1610
1490
1310
1180
1340
1100
1190
1490
1460
1390
1310
1310
1370
1520
1210
1000
1540
1310
1730
1180
1170
1570
1570
1250
1520
1450
1350
1330
1270
1190
1320
1630
1320
1400
1170
1200
1570
1410
1430
1160
1260
1220
1110
1580
1340
1410
950
1440
1390
1430
1340
1470
1210
1090
1330
1080
1340
1350
1270
1180
1720
1280
1420
1130
1240
1410
1070
1050
1350
1500
1330
1160
1320
1170
1310
1420
1100
1190
1050
1140
1150
1350
1230
1800
1280
1300
1470
1540
1540
1390
1200
1360
1280
1420
1330
1530
1420
1300
1440
1360
1300
1350
1630
1340
1610
1180
1180
1370
1450
1290
1200
1400
1040
1250
1360
1250
1240
1120
1210
1110
1080
1300
1240
1390
1460
1350
1460
1620
1230
1280
1560
1240
1190
1260
1370
1550
1100
1250
1270
1680
1370
1450
1590
1560
1210
1140
1160
1270
1320
1210
1280
1320
1390
1090
1400
1130
1360
1420
1210
1360
1190
1510
1520
1390
1220
1480
1220
1210
1610
1410
990
1320
1460
1390
1180
1430
1210
1320
1340
1550
1400
1420
1410
1170
1300
1160
1200
1160
1360
1310
1130
1260
1460
1260
980
1120
1070
1210
1190
1270
1230
1440
1230
1290
1190
1540
1400
1160
1280
1380
1440
1370
1310
1310
1550
1620
1360
1250
1330
1210
1160
1320
1660
1360
1380
1350
1150
1540
1340
1420
1150
1200
1320
1160
1130
1220
1240
1220
1180
1560
1390
1130
1190
1500
1450
1170
1670
1350
1450
1380
1500
1050
1170
1480
1360
1170
1400
1540
1000
1490
1700
1530
1580
1130
1300
1180
1160
1480
1520
1190
1180
1140
1430
1350
1290
1170
1440
1160
1230
1190
1710
1170
1490
1410
1340
1290
1090
1280
1650
1180
1070
1300
1480
1380
1010
1450
1380
1260
1360
1350
1530
1630
1260
1140
1050
1390
1130
1330
1280
1370
1400
1320
1400
1090
1450
1420
1560
1290
1450
1460
1010
1510
1380
1327.1166666666666
