160
240
230
260
180
210
140
170
290
220
340
250
270
280
280
410
340
390
310
410
220
200
240
230
210
290
280
240
320
330
190
140
350
230
210
450
240
260
170
280
330
240
240
210
310
230
210
350
300
360
250
340
180
200
180
170
270
260
280
290
320
190
270
240
300
360
190
150
170
170
300
240
290
150
260
300
240
430
400
180
470
420
490
150
390
190
300
170
210
350
290
270
120
410
320
250
460
290
190
240
240
240
320
280
460
240
260
380
200
250
190
280
170
260
200
250
270
260
250
240
280
200
250
260
180
310
230
240
230
220
350
240
280
240
180
210
320
310
350
260
180
280
460
230
380
370
300
410
200
310
310
260
180
220
170
340
240
230
270
220
310
210
300
270
320
270
230
220
290
290
330
250
300
260
190
200
270
390
290
320
200
450
300
490
230
130
190
240
260
200
360
220
430
200
190
260
300
210
290
280
330
180
250
270
200
230
230
220
160
160
230
330
250
190
150
270
250
190
320
230
270
150
300
310
320
280
240
180
230
320
170
320
280
290
200
240
260
160
210
190
200
160
330
300
210
160
300
160
360
190
250
400
260
240
300
310
210
230
250
370
420
230
310
440
290
330
160
180
360
240
210
210
300
300
240
220
270
270
280
240
240
290
210
230
330
170
240
300
190
160
270
170
330
290
320
220
220
220
390
200
180
290
210
310
330
170
260
270
400
190
310
280
230
240
150
250
230
270
190
400
210
180
310
160
130
250
250
230
420
200
360
300
260
280
280
320
200
460
330
300
200
270
250
270
250
220
250
380
210
370
220
230
270
340
150
360
290
330
360
220
310
360
230
310
140
170
190
160
250
270
400
180
330
270
250
250
380
370
180
270
360
290
310
230
220
200
290
330
280
240
190
170
190
190
290
150
380
330
240
160
240
270
240
230
280
190
360
210
270
270
270
330
280
230
280
340
520
220
220
250
210
360
320
220
360
170
370
300
280
190
170
430
210
230
190
270
250
400
280
310
330
200
350
250
360
420
170
270
210
340
310
190
270
360
300
260
260
210
250
200
270
240
250
310
210
280
340
240
240
200
340
260
170
210
260
240
280
340
310
200
390
350
250
290
470
280
200
310
290
260
250
320
330
310
180
180
270
330
280
180
265.38
