290
650
580
880
760
580
710
530
380
370
530
670
600
560
1620
490
620
510
740
640
680
340
230
640
360
1090
700
610
300
680
460
630
480
470
540
560
780
510
440
790
870
250
480
340
1000
190
740
480
670
370
940
1040
570
310
470
590
530
550
440
660
670
760
770
550
710
380
590
480
320
390
550
280
600
410
400
750
650
520
380
770
600
500
290
750
730
760
590
380
340
610
680
500
480
620
520
730
440
350
690
580
250
400
840
550
380
290
300
590
350
560
900
490
480
720
840
630
890
520
730
340
410
540
600
1140
700
890
1080
480
610
800
510
390
300
490
160
710
700
720
540
740
800
730
570
710
1010
520
510
850
640
330
360
390
720
260
750
420
580
350
520
280
550
840
890
630
890
490
580
230
720
440
570
650
560
540
590
1300
280
320
540
600
790
380
720
730
1130
630
730
460
640
700
540
690
740
830
670
610
370
250
750
350
770
300
610
1280
340
280
330
640
750
590
770
530
510
730
690
470
640
800
330
410
460
740
940
490
700
780
510
630
880
470
850
640
680
780
360
670
190
540
520
350
590
430
850
460
580
320
370
990
470
590
950
540
840
530
610
690
320
570
200
380
540
310
500
410
550
370
440
720
550
440
680
650
330
280
490
550
770
750
610
510
300
1030
310
300
490
430
640
400
550
480
450
600
350
390
330
1110
680
920
370
710
390
570
450
1170
500
750
530
960
550
690
620
460
620
890
970
580
650
720
300
680
420
620
1130
1030
450
470
790
1120
420
530
750
810
450
660
480
450
510
710
270
800
880
580
850
680
690
370
970
730
500
590
800
610
390
830
270
890
850
770
440
610
890
440
400
610
580
520
960
230
320
580
490
460
840
470
720
580
670
690
560
780
250
580
1300
290
360
320
760
550
710
620
540
660
630
820
790
480
350
570
770
610
360
730
690
760
610
630
720
590
790
380
540
460
500
290
610
460
700
860
580
460
560
480
670
910
760
750
680
590
640
1000
500
640
410
480
690
430
650
330
830
410
1010
540
730
370
400
490
580
720
200
880
480
810
880
660
580
440
290
410
470
380
410
460
810
1210
790
280
600
650
360
340
990
770
770
290
590
700
450
520
710
350
720
670
720
510
350
950
860
550
630
420
350
430
700
520
420
510
630
410
710
540
591.86
