1600
1190
1360
1230
1390
1210
1620
1400
1280
1080
1160
1280
1260
1080
1360
1100
1210
1350
1630
1310
1130
1580
1430
1510
1270
1290
1260
1030
1500
1570
1250
1220
1170
1620
1240
1410
1020
930
1350
1320
1280
1090
1410
1010
1090
1260
1890
1090
1550
1500
1260
1290
1620
1300
1380
1150
1430
1190
1180
1310
1330
1630
1240
1560
1170
1370
1450
1540
1320
1360
1470
1220
1200
1260
1420
990
1280
1300
1160
1330
1210
1470
1460
1210
1820
1130
1330
1180
1580
1610
1300
1240
1120
1360
1270
1200
1290
1350
1160
1530
1319.0
