1650
1310
1490
1360
1780
1310
1390
1660
1530
1380
1250
1770
1270
1390
1280
1280
1480
1440
1870
1290
1440
1300
1650
1300
1260
1550
1510
1590
1470
1520
1300
1100
1640
1730
1790
1580
1430
1380
1410
1720
1470
1390
1320
1320
1730
1440
1260
1570
1570
1520
1460
1370
1430
1100
1270
1310
1710
1500
1350
1550
1340
1450
1650
1460
1430
1040
1660
1510
1500
1370
1890
1420
1330
1540
1150
1160
1630
1180
1450
1240
1240
1640
1500
1360
1400
1560
1600
1470
1320
1230
1380
1580
1380
1440
1370
1390
1330
1180
1310
1590
1170
1240
1490
1330
1330
1490
1730
1400
1330
1290
1380
1400
1480
1430
1030
1390
1710
1660
1480
1680
1350
1350
1490
1330
1520
1450
1320
1130
1700
1660
1280
1510
1510
1400
1500
1400
1720
1600
1490
1270
1250
1330
1220
1390
1410
1540
1610
1450
1240
1380
1360
1410
1420
1550
1440
1340
1240
1690
1160
1560
1400
1690
1260
1320
1300
1440
1670
1390
1070
1540
1380
1350
1270
1270
1220
1350
1690
1400
1460
1390
1360
1250
1470
1530
1360
1450
1240
1260
1250
1550
1310
1510
1320
1450
1570
1830
1870
1510
1110
1710
1280
1520
1550
1400
1310
1440
960
1540
1460
1710
1460
1470
1490
1380
1330
1430
1350
1510
1400
1570
1690
1690
1210
1150
1370
1250
1090
1370
1390
1170
1320
1490
1290
1390
1770
1230
1610
1780
1520
1670
1800
1110
1330
1700
1820
1460
1390
1760
1550
1320
1120
1450
1390
1380
1440
1600
1470
1400
1460
1350
1420
1540
1440
1670
1220
1330
1440
1450
1390
1570
1190
1290
1490
1620
1130
1490
1290
1220
1250
1790
1290
1220
1390
1890
1660
1730
1480
1580
1280
1210
1290
1490
1200
1790
1700
1450
1380
1370
1560
1610
1390
1320
1680
1480
1790
1430
1210
1400
1450
1320
1430
1230
1310
1600
1360
1520
1510
1770
1510
1230
1270
1300
1230
1460
1480
1250
1330
1450
1510
1670
1370
1490
1150
1470
1560
1310
1420
1590
1530
1550
1450
1200
1320
1180
1340
1430
1170
1360
1500
1630
1310
1290
1590
1590
1460
1180
1590
1530
1510
1690
1420
1450
1500
1470
1530
1490
1190
1570
1470
1300
1350
1360
1480
1360
1440
1450
1300
1580
1350
1520
1540
1130
1400
1500
1320
1440
1200
1490
1510
1520
1610
1390
1590
1580
1230
1430
1570
1640
1290
1580
1410
1410
1170
1570
1490
1780
1220
1440
1360
1670
1390
1650
1210
1270
1470
1450
1470
1300
1360
1410
1320
1310
1330
1560
1280
1400
1360
1420
1460
1570
1580
1330
1310
1200
1860
1370
1430
1620
1360
1120
1220
1780
1250
1250
1440
1230
1320
1520
1470
1320
1420
1330
1560
1700
1330
1430
1590
1620
1480
1510
1210
1370
1470
1610
1370
1380
1410
1280
1180
1480
1530
1520
1300
1670
1570
1140
1390
1550
1430
1300
1260
1540
1430
1330
1190
1380
1290
1480
1360
1660
1160
1950
1720
1540
1410
1200
1540
1410
1260
1200
1370
1280
1320
1550
1600
1530
1700
1680
1490
1440
1340
1580
1240
1330
1690
1320
1290
1810
1350
1590
1270
1170
1400
1490
1460
1280
1500
1300
1490
1560
1130
1540
1340
1180
1190
1320
1430
1250
1820
1340
1350
1270
1200
1290
1420
1500
1680
1350
1600
1300
1160
1360
1250
1470
1360
1520
1400
1750
1640
1400
1410
1310
1330
1210
1220
1310
1480
1100
1580
1310
1760
1760
1300
1290
1420
1270
1240
1630
1370
1430
1700
1240
1290
1810
1310
1440
1520
1510
1620
1520
1310
1600
1390
1350
1310
1390
1300
1630
1420
1560
1440
1200
1640
1180
1140
1310
1470
1240
1430
1470
1290
1260
1580
1280
1390
1440
1270
1060
1230
1710
1160
1410
1500
1500
1280
1360
1340
1550
1360
1280
1430
1550
1540
1510
1560
1440
1400
1330
1600
1350
1150
1370
1490
1640
1310
1360
1540
1660
1850
1620
1450
1350
1290
1370
1170
1300
1540
1820
1640
1020
1600
1320
1440
1610
1410
1360
1360
1350
1180
1680
1470
1590
1280
1430
1350
1210
1240
1460
1400
1220
1350
1230
1420
1280
1520
1740
1490
1480
1770
1250
1360
1540
1210
1540
1360
1210
1330
1660
1780
1360
1427.1571428571428
